tyrbhdvynw

 ----------------------------------------------------------
| Corner       | WNS(setup)  |  WHS  |  TNS     |  THS     |    
 ----------------------------------------------------------
| ff_100C_1v65 |  0.00       |  0.15 |  0.00    | 46.57    |    
| ff_100C_1v95 |  0.00       |  0.20 |  0.00    | 122.35   |
| ff_n40C_1v56 |  0.12       |  0.11 |  84.78   | 6.88     |
| ff_n40C_1v76 |  0.00       |  0.18 |  0.00    | 81.56    |   
| ff_n40C_1v65 |  0.00       |  0.14 |  0.00    | 39.22    |
| ss_100C_1v40 |  3.34       |  0.00 |  3487.51 | 0.00     | 
| ss_100C_1v60 |  1.86       |  0.00 |  1905.69 | 0.00     |
| ss_n40C_1v28 |  8.54       |  0.00 |  9125.92 | 0.00     |
| ss_n40C_1v35 |  6.20       |  0.00 |  6544.52 | 0.00     |
| ss_n40C_1v40 |  4.71       |  0.00 |  5021.92 | 0.00     |
| ss_n40C_1v76 |  1.20       |  0.00 |  1208.81 | 0.00     |
| ss_n40C_1v44 |  3.76       |  0.00 |  3967.42 | 0.00     |
| tt_025C_1v80 |  0.21       |  0.09 |  171.00  | 5.15     |
 
ff_100C_1v65
ff_100C_1v95
ff_n40C_1v56
ff_n40C_1v76
ff_n40C_1v65
ss_100C_1v40
ss_100C_1v60
ss_n40C_1v28
ss_n40C_1v35
ss_n40C_1v40
ss_n40C_1v76
ss_n40C_1v44
tt_025C_1v80

 0.00 
 0.00 
 0.12 
 0.00 
 0.00 
 3.34 
 1.86 
 8.54 
 6.20 
 4.71 
 1.20 
 3.76 
 0.21 


0.15
0.20
0.11
0.18
0.14
0.00
0.00
0.00
0.00
0.00
0.00
0.00
0.09


0.00   
0.00   
84.78  
0.00   
0.00   
3487.51
1905.69
9125.92
6544.52
5021.92
1208.81
3967.42
171.00 

46.57 
122.35
6.88  
81.56 
39.22 
0.00  
0.00  
0.00  
0.00  
0.00  
0.00  
0.00  
5.15  
